world: 947c5ab3-6d1f-4515-a11f-83b1eba2f0ad
world-name: world_the_end
x: 6.29483153284756
y: 63.0
z: -4.7612900782290195
yaw: -163.43092346191406
pitch: 90.0
name: main-end
lastowner: e2654b47-3c3d-4659-ba07-850c22d4ba41
